    int suit_array[80] = 
    {
        1, 2, 2, 2, 3, 3, 3, 3, 3, 3,
        3, 3, 3, 3, 3, 3, 3, 4, 4, 4,
        4, 4, 4, 4, 4, 1, 1, 1, 1, 1, 
        1, 1, 4, 4, 4, 4, 4, 2, 3, 3,
        2, 2, 2, 3, 2, 3, 3, 3, 1, 1,
        2, 1, 4, 2, 2, 2, 2, 2, 2, 2,
        1, 3, 4, 1, 1, 1, 2, 2, 1, 1,
        2, 2, 1, 4, 1, 4, 4, 4, 4, 1
    };
    int number_array[80] = 
    {
        1, 12, 13, 1, 1, 2, 3, 4, 5, 6, 
        7, 8, 9, 10, 11, 12, 13, 2, 3, 4,
        5, 6, 7, 8, 9, 2, 3, 4, 5, 6,
        7, 8, 10, 11, 12, 13, 1, 10, 13, 1,
        11, 12, 1, 8, 13, 9, 10, 11, 9, 9, 
        3, 12, 9, 6, 7, 8, 9, 10, 11, 5,
        11, 12, 8, 12, 13, 1, 8, 9, 10,
        11, 4, 2, 10, 10, 13, 11, 12, 13, 1, 8
    };
    int limit[22] = 
    {24, 36, 37, 39, 43, 47, 49, 50, 52, 58, 59,
    62, 64, 65, 67, 70, 71, 73, 76, 77, 78, 79};
    int index = 0;